1159358
2255192
2490963
8654571
9935698
10776656
16077906
17316474
19264657
21401658
22039013
22433959
22854816
23579180
24970104
25003679
25743710
27333201
27504782
28481429
28916887
29218512
29342099
30501140
36755294
40736634
42021435
42619395
46154270
46974998
47770309
49311366
50372404
50727861
50952099
51053771
52190226
56727101
61475432
68069835
70212304
72362230
72923539
77257156
78341484
78419880
83627526
86516376
88567905
91192843
94243903
95842782
97103191
100209318
102849122
105166686
107123012
107344527
108415430
108657287
110640584
110985974
112219165
113656947
114790091
114997145
115037155
116203436
119557872
123034927
128504559
132045134
132172216
136441562
136624423
140700594
141181566
144585265
148424410
149025942
152533383
153692566
156136750
156655893
156733415
159916432
160279404
161402455
169830485
170865870
173470242
174168121
175084281
177665350
179849196
183836844
185507248
186030433
188989836
189086824
191916588
195178320
196236314
199533068
203017678
205857711
206174061
208739587
209219606
210059551
213580369
217405317
219551710
222561184
222811900
223971387
225981339
231363093
231654347
235379061
238639090
241395476
241568036
244157718
249116024
250712323
251725050
252344693
253230509
257668770
257814539
260808659
265781013
266378560
268092423
268658312
270943479
271011677
271204934
271436902
271688968
274878960
278210398
278855000
279474304
283277798
283839041
283854100
288328151
288672335
292475250
294822819
297041739
297476947
300874615
301361946
301575397
306667335
314289773
323226530
324068064
325154578
328385397
328695147
328749234
329112723
330041173
330765913
331758479
334566903
335130760
335443379
340024912
340454654
342204733
344469428
346974781
353398213
354761936
357995631
360327106
361105260
363330667
366198723
366753613
367011104
367143649
367380630
368539988
368882133
369129568
369160034
370566604
371337995
377165122
377917261
380968856
382337212
386073105
394177436
396366045
396764982
397254308
397427001
398155285
401073717
401661598
407884048
411325508
417926975
419181115
420127902
420281817
424794037
425652692
425893171
426178987
431412697
433048103
434866291
445769742
445951274
446473600
448582100
448796269
448836440
449758168
458501642
464885433
465016055
467770701
468497353
471009887
472812111
475789517
478538298
479438500
481054142
481521192
481773534
483386050
485580552
489652140
490246602
492105544
494591124
497573074
500021406
500927267
501975649
503418231
511575924
516124599
518127235
524217584
524242186
525641311
530935745
532055282
532210679
533076715
537126617
539396712
546071754
548613120
552822091
559030341
560818053
561646420
563344454
564803198
564850538
565731791
565949723
567514663
567544735
572904695
572949923
575675987
576130991
576176721
576536129
576984461
580302755
582206633
583779712
584368705
588691150
589090783
594835048
598602691
602020400
602503157
603818376
605162579
605733294
610405066
611035025
611507776
611647489
611731516
612669082
612830625
612913688
613590653
615919166
617352782
617716273
618295383
620618018
622291654
624219450
626191247
626331191
626390140
630565906
633882390
636652260
640377124
640601610
645918588
646675344
648332741
650686819
654269755
654774114
655257359
657148929
658153486
660499097
663296278
663621182
665746291
674979375
676308768
682597853
685173324
686489709
687724494
689611345
689715012
690701720
692449090
693255117
693407784
694467190
694634511
696464183
697115421
697963255
702232357
702588711
705399396
705676158
709343672
710676307
717998243
718114785
723866964
723911186
725995918
726608502
727131959
730724033
731815372
733991751
734696577
739961304
742575904
743054300
746469994
747850332
751884480
753210160
754401926
757929000
759254962
762547139
765744865
768556185
772068643
774912746
779458190
780933621
781392845
787027210
790398844
790891255
791505275
791962524
792526290
793051528
793249647
795302285
795734390
799335548
800353841
800801202
801185322
801596803
801981336
802061586
802750693
803953706
806577731
807127268
812516647
812570338
812753346
815444854
816105880
816163391
821906935
827248452
828529209
831680449
831969205
833059086
834258484
838720203
838897098
842868387
844696189
844939602
846001385
858708437
859989913
862132811
865302346
865425173
867086167
868794706
870390098
872083605
873590752
875299412
878775500
878966197
886829384
888554618
889054424
898681535
904247317
913452385
914997913
915235019
916001799
918159668
919232555
923697928
928489733
932074519
937983175
940492814
941203905
941213025
948854212
950972207
952730235
956378258
958118086
965487957
968604039
969763397
970775260
971663351
977771099
984719845
986157615
990830949
992165530
993665026
998647131
1001026043
1003613490
1011347790
1011355951
1014510578
1015220985
1017626286
1022138886
1022864546
1026060730
1026646406
1030169666
1032456312
1033486060
1036582766
1036684008
1037707725
1039027944
1044892071
1045587049
1048184825
1049396447
1051844489
1055049800
1057118801
1061394626
1062350118
1067767390
1068178596
1071004689
1076172467
1077654587
1077655732
1080943655
1081129171
1086839346
1087521033
1087547797
1093926143
1094698341
1095967770
1096176900
1096920389
1098980937
1099073750
1102163148
1105241704
1105386524
1109464371
1109954993
1117814978
1123179770
1124750699
1126650840
1126751381
1128022801
1129305110
1132298081
1132881763
1135280460
1137079635
1139131164
1142044455
1143481781
1147671038
1148651008
1152489383
1153527974
1168472168
1168980752
1170174873
1171683017
1175521332
1180170927
1182990524
1185731046
1186564064
1188072126
1190015880
1192050157
1198298680
1198826568
1203176905
1203684809
1204164098
1206986533
1207536043
1207623339
1209354376
1211548824
1215181788
1215769487
1216109069
1217305746
1218439908
1221311058
1221728242
1225979359
1226671145
1231915895
1233407987
1234585208
1236467299
1238341083
1238885604
1239389272
1241647985
1244195501
1246902498
1248332165
1248878254
1251472072
1251942235
1252073498
1254500408
1254633347
1256647179
1257706927
1258105655
1263880364
1265474037
1272251293
1274943767
1278906086
1279336945
1280840549
1281992373
1285474664
1287606029
1288670162
1290687724
1290997119
1291255703
1291438319
1296124903
1296223944
1298054618
1298863000
1299058136
1300240780
1303662298
1305584894
1308837405
1309814448
1310811221
1314077892
1318512614
1319770502
1320029823
1320746920
1321717816
1322287017
1323357055
1325666194
1326165706
1328028274
1329950546
1331867405
1337551670
1338303385
1341474835
1342113703
1342301758
1342646351
1344808629
1345345665
1346687920
1349598019
1356890644
1360953670
1366941022
1367598148
1369693581
1373141810
1373705897
1374089043
1378266507
1381350160
1383695805
1384396174
1386711372
1386808279
1387126139
1392298521
1393605583
1393850085
1394001476
1396429871
1403618923
1405499386
1408816505
1408864562
1413870267
1420539743
1421099131
1423563727
1424274269
1424322846
1425376778
1427671167
1428148239
1430858295
1431491157
1434321180
1435498826
1438438916
1439383321
1440007657
1443315861
1446344261
1447208592
1449849586
1449946355
1454073602
1455148813
1459277460
1460144059
1460927021
1464635968
1465225146
1465406205
1466891160
1469465006
1469632373
1471593883
1472750910
1475009815
1477104547
1479522617
1481777809
1482137635
1483491364
1485038562
1489470131
1490368919
1490673900
1490901137
1492444032
1496914162
1499871714
1500785362
1502143535
1502991589
1503012267
1512996389
1514171803
1517501193
1521723544
1522847316
1523379138
1527733316
1531323605
1531909355
1533840642
1535643359
1536524885
1540565150
1542212337
1544684471
1559718690
1559908090
1563620924
1563688998
1566651944
1567306727
1572625523
1576179464
1577725694
1579278474
1583044593
1585282826
1587029642
1589329480
1590295546
1590547127
1594161070
1596051271
1597599350
1598136933
1599629259
1601149568
1601718069
1604042882
1608424374
1609898236
1613337073
1614170377
1614463602
1614616697
1615786508
1620120788
1624601312
1626982735
1628846556
1629189941
1631985661
1632538349
1633257122
1639176364
1643224877
1644047521
1644992192
1649077162
1649434847
1649666591
1649916858
1650364365
1651765425
1653928612
1655010811
1656979672
1657264871
1661769008
1662365071
1664429269
1666920233
1676280876
1678233558
1679453268
1682673811
1686838356
1688037046
1688816754
1690110669
1690651884
1690812828
1691113386
1693754593
1694128090
1694419925
1695639933
1695922763
1696160252
1699080114
1699108506
1699495119
1700107601
1711273496
1716817655
1718324105
1719847267
1724498798
1725415087
1728762273
1730118588
1732675154
1734323059
1735143762
1738299855
1738705205
1741557746
1741999633
1743421857
1743500950
1744951299
1745121455
1745622206
1748156176
1748313788
1753871588
1757066828
1758737604
1759243692
1762280535
1763047111
1764456764
1768559236
1768701012
1775460500
1775909506
1776555443
1779426415
1785493163
1785510919
1786988788
1788234204
1789002932
1792675562
1793983440
1794155439
1801940793
1805364165
1814263373
1816826523
1817223099
1818132457
1827623277
1831022625
1833260826
1835994761
1840521697
1842558024
1843142407
1845501912
1845899429
1847065199
1848134448
1849842742
1857017271
1858759878
1859889886
1864091609
1867540925
1870090283
1870155843
1871856919
1872474313
1873015893
1875097348
1881935246
1882679700
1886515326
1892044970
1894715327
1895468442
1898145304
1901607193
1901664127
1903010078
1904724765
1907390085
1907812386
1909945418
1912487177
1918837887
1920356648
1920857946
1924362549
1927021683
1930103468
1931380077
1931380130
1932698906
1933934506
1934373036
1934616008
1940267390
1941705689
1943693759
1944551706
1944939189
1946746200
1948256072
1950416058
1951890659
1959975787
1960406948
1962238838
1965280582
1967103731
1968383234
1971103695
1975257339
1977304733
1978377842
1980005611
1981575675
1981965177
1985401527
1987733615
1988995525
1992097406
1992395631
1998698591
1999053714
2000305641
2002761012
2003472907
2008372274
2008545082
2009398567
2011288567
2012220604
2014260255
2016248600
2017929477
2021190601
2022680401
2023492782
2028538674
2031260254
2031667999
2032082422
2033641697
2041492418
2043700462
2044024601
2048295806
2053427023
2056416027
2058425690
2059407220
2064390902
2066036183
2066293658
2069245662
2070185514
2070952801
2073004846
2084720313
2087770002
2094620518
2096297475
2096577785
2099933953
2100850524
2101278561
2103453272
2103888835
2104949794
2105906634
2108969283
2115225764
2122163369
2124799793
2125011948
2126546789
2130870807
2134995714
2138681186
2140266999
2141587956
2143679913
2144432588
2144526095
2144742110
2146671267
